业界标准===================================================
precision = 0.6298989638972907
recall = 0.324978509704565
f1_score = 0.42875370340371866
阿里标准===================================================
precision = 0.6803310423262998
recall = 0.3914673666073595
f1_score = 0.49697293696430817
